3.300400078296661377e-01
3.768599927425384521e-01
3.910999894142150879e-01
4.030399918556213379e-01
4.081600010395050049e-01
4.181999862194061279e-01
4.166199862957000732e-01
4.245400130748748779e-01
4.284799993038177490e-01
4.280200004577636719e-01

2.800999879837036133e-01
3.380799889564514160e-01
3.584200143814086914e-01
3.656400144100189209e-01
3.738999962806701660e-01
3.824200034141540527e-01
3.861399888992309570e-01
3.901599943637847900e-01
3.941600024700164795e-01
4.034599959850311279e-01

3.024600148200988770e-01
3.574999868869781494e-01
3.775399923324584961e-01
3.923600018024444580e-01
4.022200107574462891e-01
4.080399870872497559e-01
4.105800092220306396e-01
4.154999852180480957e-01
4.222399890422821045e-01
4.266400039196014404e-01

2.384800016880035400e-01
2.907800078392028809e-01
3.077400028705596924e-01
3.144200146198272705e-01
3.223200142383575439e-01
3.312000036239624023e-01
3.358800113201141357e-01
3.396199941635131836e-01
3.440200090408325195e-01
3.454999923706054688e-01


2.220000028610229492e-01
3.003599941730499268e-01
3.235999941825866699e-01
3.389399945735931396e-01
3.467000126838684082e-01
3.577400147914886475e-01
3.650200068950653076e-01
3.684400022029876709e-01
3.730399906635284424e-01
3.769800066947937012e-01

