1.887774825096130371e+00
1.764553427696228027e+00
1.723567366600036621e+00
1.694391131401062012e+00
1.669561147689819336e+00
1.651973962783813477e+00
1.644493937492370605e+00
1.629138231277465820e+00
1.617632389068603516e+00
1.609699964523315430e+00

1.976495623588562012e+00
1.844617366790771484e+00
1.795152783393859863e+00
1.765472650527954102e+00
1.745220184326171875e+00
1.728004574775695801e+00
1.715556859970092773e+00
1.700541853904724121e+00
1.694012761116027832e+00
1.681309700012207031e+00

1.937758326530456543e+00
1.794334888458251953e+00
1.739578604698181152e+00
1.704001665115356445e+00
1.680180668830871582e+00
1.659105420112609863e+00
1.645964860916137695e+00
1.630873560905456543e+00
1.619885683059692383e+00
1.607538223266601562e+00

2.044960975646972656e+00
1.945998430252075195e+00
1.905278444290161133e+00
1.884087920188903809e+00
1.862979531288146973e+00
1.845960736274719238e+00
1.837798118591308594e+00
1.826269030570983887e+00
1.819105148315429688e+00
1.806937336921691895e+00


2.060895919799804688e+00
1.912235140800476074e+00
1.857059836387634277e+00
1.820101380348205566e+00
1.798525810241699219e+00
1.769517064094543457e+00
1.762072682380676270e+00
1.748825430870056152e+00
1.740740299224853516e+00
1.725610136985778809e+00

