519 34  47  33  40  20  15  48  184 60 
37  559 20  29  25  25  20  32  66  187
97  35  188 65  280 68  127 74  40  26 
30  31  72  240 97  198 164 63  40  65 
54  11  77  44  507 45  121 91  31  19 
24  19  71  166 113 340 99  91  45  32 
5   16  43  90  184 74  522 27  15  24 
44  30  39  64  125 65  48  483 29  73 
100 77  14  20  26  27  8   15  627 86 
49  165 11  25  12  23  27  57  72  559

493 47  51  50  13  17  24  62  178 65 
34  599 11  39  6   21  38  38  62  152
110 43  226 82  135 61  189 101 34  19 
27  47  71  286 46  185 186 75  31  46 
53  19  134 64  292 46  203 144 29  16 
25  36  90  178 55  333 127 102 40  14 
6   22  56  137 103 40  575 26  18  17 
41  41  45  78  68  66  48  519 23  71 
114 92  15  35  5   37  15  23  573 91 
39  234 6   58  4   14  41  62  78  464

498 61  63  25  20  20  18  43  190 62 
32  595 9   31  9   25  19  28  72  180
108 58  222 69  184 89  134 89  35  12 
33  45  65  262 53  214 164 63  32  69 
61  29  96  48  404 64  142 115 23  18 
15  31  73  146 65  407 108 80  48  27 
5   26  54  79  141 67  562 26  13  27 
42  45  31  59  92  85  35  510 22  79 
98  84  14  23  10  32  12  20  627 80 
44  200 8   36  5   14  33  39  100 521

510 72  28  24  32  21  27  48  204 34 
46  596 8   28  23  24  48  41  76  110
167 36  63  59  268 85  196 90  21  15 
46  74  46  127 78  263 234 74  24  34 
73  27  45  27  380 76  210 126 21  15 
36  52  35  91  117 360 162 92  43  12 
16  38  28  77  141 101 560 20  7   12 
63  58  16  40  168 82  69  421 27  56 
173 133 4   29  11  52  8   17  515 58 
68  289 4   35  6   18  51  46  119 364


452 44  49  32  20  20  25  88  190 80 
33  525 9   32  3   32  33  37  58  238
110 37  138 65  188 87  245 90  22  18 
26  34  62  200 37  246 225 89  24  57 
45  14  97  47  282 72  253 148 24  18 
19  29  69  124 69  396 141 98  29  26 
5   13  51  109 89  73  600 36  8   16 
34  36  39  56  102 96  67  491 18  61 
127 75  15  20  3   54  14  23  544 125
28  190 4   34  5   18  46  71  69  535

