1.968799978494644165e-01
2.659800052642822266e-01
3.071799874305725098e-01
3.452999889850616455e-01
3.609800040721893311e-01
3.743000030517578125e-01
4.065000116825103760e-01
4.282400012016296387e-01
4.394400119781494141e-01
4.438399970531463623e-01
4.476400017738342285e-01
4.549799859523773193e-01
4.628399908542633057e-01
4.689399898052215576e-01
4.740999937057495117e-01
4.779999852180480957e-01
4.821799993515014648e-01
4.941599965095520020e-01
5.006999969482421875e-01
5.054600238800048828e-01
5.055999755859375000e-01
5.127000212669372559e-01
5.150600075721740723e-01
5.150200128555297852e-01
5.143799781799316406e-01
5.152800083160400391e-01
5.191400051116943359e-01
5.227199792861938477e-01
5.223000049591064453e-01
5.238000154495239258e-01

3.897599875926971436e-01
5.062400102615356445e-01
5.630199909210205078e-01
5.976600050926208496e-01
6.213200092315673828e-01
6.401600241661071777e-01
6.565399765968322754e-01
6.687600016593933105e-01
6.768199801445007324e-01
6.908800005912780762e-01
6.991999745368957520e-01
7.061399817466735840e-01
7.153000235557556152e-01
7.232999801635742188e-01
7.305999994277954102e-01
7.349399924278259277e-01
7.407000064849853516e-01
7.494000196456909180e-01
7.518399953842163086e-01
7.590399980545043945e-01
7.618799805641174316e-01
7.663400173187255859e-01
7.684000134468078613e-01
7.725800275802612305e-01
7.765600085258483887e-01
7.793599963188171387e-01
7.808799743652343750e-01
7.824400067329406738e-01
7.889800071716308594e-01
7.884399890899658203e-01

2.681199908256530762e-01
3.913800120353698730e-01
4.524999856948852539e-01
4.866600036621093750e-01
5.048000216484069824e-01
5.188199877738952637e-01
5.264400243759155273e-01
5.326600074768066406e-01
5.405399799346923828e-01
5.415999889373779297e-01
5.437600016593933105e-01
5.501199960708618164e-01
5.534399747848510742e-01
5.566800236701965332e-01
5.608999729156494141e-01
5.609800219535827637e-01
5.633199810981750488e-01
5.671799778938293457e-01
5.683400034904479980e-01
5.711399912834167480e-01
5.712000131607055664e-01
5.698599815368652344e-01
5.711200237274169922e-01
5.743399858474731445e-01
5.772600173950195312e-01
5.786399841308593750e-01
5.798199772834777832e-01
5.809199810028076172e-01
5.811200141906738281e-01
5.812399983406066895e-01

4.004800021648406982e-01
5.185199975967407227e-01
5.635600090026855469e-01
6.026800274848937988e-01
6.283199787139892578e-01
6.492999792098999023e-01
6.682599782943725586e-01
6.807799935340881348e-01
6.972600221633911133e-01
7.077599763870239258e-01
7.207999825477600098e-01
7.308599948883056641e-01
7.388200163841247559e-01
7.473400235176086426e-01
7.526199817657470703e-01
7.610200047492980957e-01
7.680000066757202148e-01
7.749199867248535156e-01
7.799199819564819336e-01
7.852399945259094238e-01
7.921599745750427246e-01
7.937999963760375977e-01
7.980200052261352539e-01
8.015000224113464355e-01
8.052999973297119141e-01
8.104799985885620117e-01
8.138999938964843750e-01
8.153600096702575684e-01
8.192399740219116211e-01
8.217599987983703613e-01

4.410200119018554688e-01
5.888000130653381348e-01
6.412799954414367676e-01
6.690199971199035645e-01
6.913200020790100098e-01
7.054799795150756836e-01
7.193999886512756348e-01
7.283800244331359863e-01
7.357400059700012207e-01
7.446399927139282227e-01
7.523400187492370605e-01
7.580999732017517090e-01
7.627400159835815430e-01
7.694600224494934082e-01
7.721999883651733398e-01
7.756800055503845215e-01
7.796599864959716797e-01
7.827000021934509277e-01
7.887200117111206055e-01
7.874799966812133789e-01
7.918199896812438965e-01
7.932599782943725586e-01
8.003200292587280273e-01
8.016800284385681152e-01
8.036800026893615723e-01
8.069999814033508301e-01
8.062800168991088867e-01
8.072800040245056152e-01
8.133599758148193359e-01
8.131600022315979004e-01



