2.025060653686523438e+00
1.861304402351379395e+00
1.794331550598144531e+00
1.713440179824829102e+00
1.682092189788818359e+00
1.656128883361816406e+00
1.594615340232849121e+00
1.545752644538879395e+00
1.511497616767883301e+00
1.490652918815612793e+00
1.480146050453186035e+00
1.463277220726013184e+00
1.436740517616271973e+00
1.419537305831909180e+00
1.406265497207641602e+00
1.400915741920471191e+00
1.390146136283874512e+00
1.350572228431701660e+00
1.340699195861816406e+00
1.326393127441406250e+00
1.320668935775756836e+00
1.315603613853454590e+00
1.314044833183288574e+00
1.301568865776062012e+00
1.302644491195678711e+00
1.300437688827514648e+00
1.289501667022705078e+00
1.285503864288330078e+00
1.281723499298095703e+00
1.287524580955505371e+00

1.678168892860412598e+00
1.381146907806396484e+00
1.226638078689575195e+00
1.136873841285705566e+00
1.070755600929260254e+00
1.022939920425415039e+00
9.743109941482543945e-01
9.383735656738281250e-01
9.095566272735595703e-01
8.751372694969177246e-01
8.500819802284240723e-01
8.277592062950134277e-01
7.971161603927612305e-01
7.774815559387207031e-01
7.602523565292358398e-01
7.436996698379516602e-01
7.285215854644775391e-01
7.023634314537048340e-01
6.959896683692932129e-01
6.795987486839294434e-01
6.656557321548461914e-01
6.592473983764648438e-01
6.415417790412902832e-01
6.348447799682617188e-01
6.229833364486694336e-01
6.173732876777648926e-01
6.120147109031677246e-01
6.033672690391540527e-01
5.883625149726867676e-01
5.880052447319030762e-01

1.916024565696716309e+00
1.622206211090087891e+00
1.494291067123413086e+00
1.405853271484375000e+00
1.362735033035278320e+00
1.324749588966369629e+00
1.301928997039794922e+00
1.285452008247375488e+00
1.269237875938415527e+00
1.262197375297546387e+00
1.253239274024963379e+00
1.241282224655151367e+00
1.222985148429870605e+00
1.222744584083557129e+00
1.209937572479248047e+00
1.208546280860900879e+00
1.204693317413330078e+00
1.190608143806457520e+00
1.186313152313232422e+00
1.175891280174255371e+00
1.182938933372497559e+00
1.173169255256652832e+00
1.174168705940246582e+00
1.163218021392822266e+00
1.164447665214538574e+00
1.163249969482421875e+00
1.157427787780761719e+00
1.144643545150756836e+00
1.147132873535156250e+00
1.149540543556213379e+00

1.648060441017150879e+00
1.344396829605102539e+00
1.219268202781677246e+00
1.120331525802612305e+00
1.047203421592712402e+00
9.924095869064331055e-01
9.378367066383361816e-01
9.013562202453613281e-01
8.551099896430969238e-01
8.249124884605407715e-01
7.885407209396362305e-01
7.575859427452087402e-01
7.270839810371398926e-01
7.068522572517395020e-01
6.890618801116943359e-01
6.650838851928710938e-01
6.418134570121765137e-01
6.264393925666809082e-01
6.129744648933410645e-01
5.919978022575378418e-01
5.774689912796020508e-01
5.667048692703247070e-01
5.556899905204772949e-01
5.444943904876708984e-01
5.345895886421203613e-01
5.197995901107788086e-01
5.119536519050598145e-01
5.045863389968872070e-01
4.941937923431396484e-01
4.893662035465240479e-01

1.544801354408264160e+00
1.168742060661315918e+00
1.028907179832458496e+00
9.516556262969970703e-01
8.950163125991821289e-01
8.505018949508666992e-01
8.117147684097290039e-01
7.827864289283752441e-01
7.644809484481811523e-01
7.368488907814025879e-01
7.159799337387084961e-01
6.973755359649658203e-01
6.824378967285156250e-01
6.668192148208618164e-01
6.565719246864318848e-01
6.462219357490539551e-01
6.385363340377807617e-01
6.254726648330688477e-01
6.065202951431274414e-01
6.076583862304687500e-01
6.003932356834411621e-01
5.914059281349182129e-01
5.770814418792724609e-01
5.664628744125366211e-01
5.604587197303771973e-01
5.563290715217590332e-01
5.534365177154541016e-01
5.534939765930175781e-01
5.342746973037719727e-01
5.334455370903015137e-01



