656 21  118 21  14  7   6   17  94  46
31  710 7   36  4   10  9   6   67  120
82  4   430 64  116 163 63  56  9   13
11  8   123 217 70  406 74  65  7   19
23  5   144 51  470 74  69  147 14  3
8   6   93  116 58  610 13  86  7   3
6   6   71  93  93  50  655 13  9   4
15  1   30  20  67  122 5   723 0   17
111 54  22  30  8   6   7   4   699 59
38  109 7   28  4   13  10  41  49  701

832 4   44  19  19  2   8   17  39  16
37  797 9   22  3   1   14  2   23  92
62  0   622 63  104 42  55  39  8   5
21  3   68  569 79  117 82  41  12  8
19  1   71  57  706 18  54  68  5   1
17  3   54  220 53  564 20  60  3   6
7   2   34  61  43  14  827 7   5   0
14  0   35  39  68  36  6   792 1   9
85  12  17  15  6   3   10  6   834 12
60  52  6   32  9   3   9   28  26  775

756 7   80  31  16  18  5   10  54  23
60  718 1   39  3   12  12  4   25  126
79  0   514 79  112 102 86  24  1   3
8   2   76  218 69  515 83  18  5   6
22  0   101 50  614 56  103 50  3   1
9   1   47  161 50  664 22  39  3   4
6   0   53  74  21  32  810 1   2   1
11  0   30  35  95  127 3   694 2   3
92  20  14  36  6   14  3   6   792 17
33  51  7   31  7   34  4   23  33  777

799 9   40  20  23  2   4   9   60  34
24  785 3   18  4   8   5   1   24  128
61  3   560 85  121 68  45  41  12  4
30  7   45  613 75  132 42  30  13  13
14  2   36  81  729 22  31  72  11  2
17  3   35  214 45  614 16  44  5   7
13  4   44  112 59  20  730 11  3   4
22  1   24  39  63  53  4   781 1   12
60  23  6   15  7   6   5   7   844 27
28  44  6   15  8   1   3   14  22  859

815 3   42  22  38  1   8   10  50  11 
21  840 4   8   5   3   12  7   36  64 
40  0   675 55  123 40  47  14  6   0  
12  2   41  657 110 73  69  24  7   5  
5   0   32  29  860 10  26  33  4   1  
8   1   23  216 85  600 19  42  5   1  
3   0   31  51  40  5   865 1   4   0  
6   0   21  21  102 28  5   816 1   0  
31  6   5   8   10  1   6   3   922 8  
38  34  4   16  21  2   7   15  22  841



